[
    2.2389715241308537,
    496.431597607923,
    177.5665611780422,
    8.761225049980148,
    54.78574831493431,
    13.18679171496284,
    2.2389715241308537,
    321.28980227138175,
    0.5478030482101842,
    14.639114500375515,
    1178.2104592747453,
    2.860474408569268,
    526.5948100683502,
    431.4428534378704,
    69.73203548243423,
    240.21431657444634,
    170.8540203851486,
    604.2444229872247,
    1364.078159842697,
    612.7344066550705,
    776.2127244200097,
    811.0775483955629,
    1594.8873603479897,
    17.827508529615624,
    0.273140755615325,
    86.99933762846689,
    976.5524438899893,
    912.8460472705353,
    114.37881602807664,
    44.17507377412549,
    56.693033054836214,
    59.26420748670853,
    97.95327545293222,
    328.47525303059274,
    374.7708328739486,
    83.1724418489149,
    8.047082599844792,
    15.743852865032183,
    1754.6803742242528,
    109.71117035632975,
    1457.5388718657737,
    117.47489343075974,
    963.6098809166683,
    500.7835442325038,
    4.467674771243988,
    1630.9142873992676,
    0.2814268423197046,
    662.8401966565211,
    207.42816918383258,
    61.38251876276747,
    2.986581568019402,
    176.1550808060722,
    27.660124432499806,
    570.4570761324796,
    93.91373755785332,
    1258.9044031896278,
    816.7140325718035,
    629.1915739785981,
    80.99993700924078,
    284.1833753472103,
    155.03368597861382,
    617.1851091629168,
    1097.956455287509,
    57.92855202985087,
    485.62016032461406,
    485.5499208025584,
    21.476492346325355,
    92.19391626533185,
    562.750525039421,
    1605.1743512110115,
    319.5380035722527,
    746.7187471425569,
    1227.8540227031738,
    15.08596940010201,
    750.2986872761045,
    1030.946904313074,
    56.44760792082915,
    27.46860763009031,
    363.9548081127065,
    591.9996796548056,
    478.7629903514131,
    1255.6075807799145,
    41.11990231282607,
    352.09242828969917,
    438.80279223768366,
    626.7240994292719,
    769.8933350663552,
    346.01378606349977,
    493.96890443657264,
    386.0562892392121,
    0.7219961405433379,
    1108.2987543712275,
    52.48175641044414,
    122.03292869397767,
    1674.889498458035,
    13.534643505828967,
    339.97892991258743,
    0.28510233632742915,
    309.9761010275973,
    3.762103971135612,
    9.632632829588708,
    171.56537610622442,
    306.4726130355935,
    522.2327683175458,
    156.25735027275013,
    419.78658819977403,
    3.133082381420293,
    79.88661396825398,
    1116.70498509075,
    51.52166660963234,
    705.2401784017003,
    152.31915472311326,
    8.143028221213884,
    447.8506818209439,
    1.6076322382825523,
    485.3091812147624,
    343.70802928819285,
    17.193696273679983,
    12.739193841595496,
    930.4833776056989,
    55.16861150932404,
    76.89487930995354,
    1046.728560272432,
    533.5318659426031,
    1320.6743697213997,
    2.5789849715266637,
    6.615831461247092,
    16.139780429346292,
    361.3049579881233,
    37.45843172797251,
    36.05445485956749,
    305.4701133939514,
    21.85479819633774,
    1129.2982926059785,
    637.4364601848343,
    1036.8251050053912,
    358.3848567374358,
    479.89047271772273,
    295.6759530279853,
    1418.8223254700933,
    970.6291500881078,
    135.4255193490697,
    1558.2301295795776,
    209.6614554182117,
    6.166962916874794,
    8.16200264487112,
    1.027639254253813,
    69.48234273087627,
    28.17007015193125,
    76.78093844289504,
    1218.5014989209453,
    54.88561847163868,
    93.13535111561978,
    429.4273565070973,
    263.6770847450893,
    2.080223392363275,
    437.0620269285859,
    423.12037349258577,
    319.11608984641566,
    367.1419585727532,
    2.364328717583323,
    39.455192403780636,
    40.04449720339709,
    751.8075623007991,
    150.1635698903875,
    11.43032497680445,
    22.187834932217033,
    1570.2134030487164,
    1154.587954834181,
    249.9053920180559,
    1.5995827915314638,
    1085.0239899384312,
    218.1866893266277,
    119.52282362402215,
    26.390719593492076,
    1591.6138404063975,
    4.716182352823092,
    1233.2107239381614,
    33.58943965478566,
    188.50910792763648,
    1623.398823842273,
    519.9794308522743,
    65.94822176051072,
    1567.9093028901639,
    1651.35351012474,
    301.64653198468886,
    27.175921827279343,
    31.652584335971177,
    9.152797948434701,
    492.98289168734067,
    1175.6071109453214,
    272.5133061956828,
    1346.0066980441788,
    13.382657839064136,
    1729.5956886290141,
    125.23744223862103,
    476.83359002072683,
    276.77855008106866,
    76.34375969734356,
    217.75098272501899,
    92.93278796761724,
    164.61308369371636,
    973.3428125800647,
    121.2081307437442,
    55.71106478105228,
    650.4033035784229,
    1500.9566157707557,
    50.031581840451246,
    199.26382364326645,
    495.4818333617771,
    105.43754291620657,
    85.04865515977075,
    1143.5371374410206,
    30.33722485139861,
    18.24375124164235,
    47.48714258530181,
    70.28891765317017,
    128.09327949901862,
    104.62076307675834,
    43.295771074840005,
    1283.5898510989018,
    292.65647081036116,
    879.8408223142138,
    21.842167734429587,
    9.313011860764107,
    623.7672714112886,
    27.541064356136634,
    420.6503910824595,
    293.2539898100955,
    318.652220955873,
    55.89841132673548,
    697.0159513699617,
    280.1393086546786,
    27.050407772132935,
    629.2585853138531,
    573.5666793365417,
    314.41232023504756,
    1230.3719817416588,
    859.8237153558101,
    211.45879113205766,
    30.999791220120258,
    71.92371837296106,
    1.2279692415426005,
    519.8289556617359,
    246.5047623464,
    1579.7072987550605,
    197.34198710375298,
    878.4589624515087,
    33.22011912552099,
    1702.8999445092454,
    878.6307031746028,
    22.956389908014945,
    352.5147420721173,
    67.7126925854324,
    528.9272670173995,
    23.398171461692137,
    59.29025690424162,
    1159.9827659698972,
    4.604293659239236,
    57.89189809912628,
    18.299893613261723,
    13.996111508849268,
    1468.4961555541688,
    279.70495380590677,
    183.4946887113327,
    14.177612538099641,
    187.67920866081857,
    78.88270133345816,
    105.84221662466544,
    178.0118298638644,
    8.378811060226539,
    448.1647010542926,
    614.8005879998801,
    6.338482670830542,
    794.3729252525277,
    84.41522463288446,
    7.431947850337785,
    623.4748734611501,
    1460.6250982465529,
    1119.5209356371586,
    426.0102351761765,
    7.788897312191198,
    42.90269245705405,
    1681.1836651247015,
    108.36989541326733,
    497.6249793913542,
    8.13124030918475,
    1125.8628750365144,
    1713.8490463924961,
    192.16441276050594,
    77.43480014835113,
    24.099301487608763,
    342.57331540901964,
    77.38864388097983,
    478.8538520770202,
    565.6445002887118,
    385.4056222453879,
    547.8343172628394,
    791.7079087756413,
    0.7439543981420452,
    517.6811743253644,
    158.7066241174503,
    21.957557075743143,
    562.7733206758444,
    380.0420884220486,
    1445.6864570483679,
    800.5802235254804,
    327.8990172691781,
    58.576610510270754,
    1308.755403269777,
    82.7494084888795,
    437.5412968340653,
    1297.751933209855,
    1.8324482948919385,
    572.9367718695522,
    98.0722301381952,
    318.23848600154054,
    38.6044849637608,
    2.0443506279636225,
    1558.2209651865228,
    77.11877144977859,
    176.31079942642177,
    9.846160825139776,
    4.346937225667982,
    22.313925161707164,
    155.183365956968,
    82.89714568971227,
    1344.1224092023167,
    594.838594049467,
    1028.9476162464148,
    567.2779272173661,
    56.22183484970554,
    832.3990405736002,
    8.428521375399349,
    57.87727090339072,
    581.7839855766608,
    1.028499016479243,
    1708.6485058676053,
    40.419489561993515,
    257.31015774100894,
    566.5927238572558,
    2.5361373484911094,
    8.338914142416652,
    1459.3251693198451,
    238.6954353363331,
    57.80089752779896,
    345.60413862757633,
    470.4638648116722,
    477.71125151394654,
    1496.7554467411337,
    185.3822117519528,
    534.3968572350565,
    18.16951009932083,
    33.00135210695756,
    13.373224826857683,
    94.20414924129388,
    489.32765338972183,
    32.500667384219895,
    6.410115847619718,
    661.6624780815022,
    536.232312970547,
    478.8079063956528,
    1.1590131548816252,
    622.4163901733793,
    230.99475863386058,
    109.72508361584185,
    362.42576420844557,
    6.436496113823955,
    153.4550632130107,
    841.5839869260024,
    6.676394774256021,
    164.86437799261762,
    480.57066122984827,
    299.2307963616871,
    8.988112673631171,
    279.03726666368186,
    717.6263749688095,
    467.7235574173724,
    656.8806322791775,
    543.4268203361222,
    385.0906667558758,
    78.33815968539609,
    816.1817411285738,
    0.39767019716436414,
    449.0074816300829,
    0.3469743774943124,
    437.2875189605617,
    16.925663197741798,
    193.33837902480383,
    980.4948972607723,
    262.9326311621016,
    56.22183484970554,
    351.49143702191446,
    454.52163185942516,
    1114.52247440073,
    265.9343130806588,
    582.0380602915509,
    442.284371224607,
    1252.1002831484032,
    290.92969486054244,
    0.2543965053719357,
    651.1496301513178,
    916.9428361134673,
    22.54072102587772,
    587.3498958666339,
    53.59583899615912,
    22.912667746737892,
    203.34618466397268,
    4.142283131313125,
    25.098238781739088,
    25.789715741341993,
    79.460905411169,
    36.12909010475636,
    1175.7922776515159,
    348.2834049550566,
    223.77930151658126,
    1681.1836651247015,
    75.79632488913863,
    1494.3038987697585,
    55.75180921399897,
    219.30212645646017,
    1077.4455018511244,
    270.8403573851706,
    12.856331893713575,
    91.0775245449682,
    17.49882783574787,
    16.690216789519177,
    536.1182208959832,
    539.3121840687118,
    292.0343692934975,
    293.89783148558877,
    594.6710372449016,
    168.5069121403428,
    348.3259343979158,
    52.48070202614936,
    118.94551006969522,
    603.8315129275315,
    271.37927772878317,
    187.22675249958345,
    11.231186718973426,
    46.726937080419574,
    537.8703149549319,
    33.019057404798325,
    61.67887476827575,
    469.132061523915,
    1013.5463591991819,
    1210.5170614259118,
    4.972169059538377,
    80.88635769924515,
    821.4916219917596,
    359.7513873959657,
    11.788959253188331,
    599.0569060174375,
    548.0379650464813,
    474.78308645499703,
    127.03738082097301,
    531.3438207292631,
    555.3696413407048,
    1044.1636004812806,
    1.645385671495849,
    1.7759439486595148,
    181.0276793109224,
    340.3167430216563,
    541.2245539568296,
    340.07417914275067,
    174.2172329078157,
    11.0302897222222,
    1057.0831820654635,
    891.9942633845012,
    401.16011419519754,
    1062.4726945486727,
    363.39540888787667,
    101.88576932511928,
    580.635411396328,
    366.3359254348493,
    292.11150191419705,
    96.63493524753022,
    77.8822778134332,
    56.42957261507464,
    68.67655249542126,
    253.28461770844788,
    1457.421734183802,
    6.9807074232964474,
    388.9026961133636,
    965.1938168922752,
    106.58181853628668,
    109.59883983378883,
    882.2546198343484,
    1068.5090405291644,
    3.6009594980646322,
    241.5306587919025,
    460.6421178377108,
    0.2636671756247814,
    13.094376031041586,
    185.34210126243354,
    1.0102667762733413,
    73.55882389751622,
    376.61085037738735,
    1179.3884573461175,
    534.8081056877983,
    10.117521303904446,
    172.90744433823383,
    60.130551577863244,
    54.031257986761275,
    497.02927281909797,
    8.53444141328798,
    170.14769297544194,
    1431.061830916293,
    79.35253248834502,
    352.2350507440884,
    9.16818864528119,
    157.41996380605502,
    280.32044413315856,
    4.656270176089548,
    73.42119727879559,
    535.1651622038376,
    87.53693156052283,
    346.31850592449223,
    1013.400856945869,
    17.808551882586375,
    135.9009077023237,
    132.9649167063492,
    1516.6224237883318,
    336.77975927052825,
    293.6149080854552,
    1681.1836651247015,
    555.5847495176927,
    885.1237169740139,
    120.49846219171177,
    1303.872830085523,
    547.8872567429305,
    2.414692884214481,
    480.99433307951557,
    97.72496031910136,
    1656.437493885074,
    320.9655289259223,
    587.9049204238976,
    154.9116785910341,
    15.614043332840966,
    309.5213680411254,
    855.4508798841458,
    65.49361647366521,
    476.1687691269844,
    1454.621675451398,
    234.81653084154087,
    439.43126250520726,
    159.76355338117483,
    4.939500190391802,
    1091.9886810538767,
    2064.4477420310254,
    267.63766578728723,
    40.54370129670337,
    703.9048887432276,
    553.5614239217625,
    104.81728871872767,
    963.4348516544569,
    752.5553225215799,
    636.8145024010895,
    173.56963589369118,
    273.9458759774275,
    59.16729812236378,
    276.20806272800155,
    1047.236860256306,
    701.0256123319504,
    173.67783852884764,
    336.33626637124115,
    1036.303640754966,
    27.252652634229012,
    1263.4089945847793,
    0.9384184785405114,
    39.25430046219678,
    49.51232180104615,
    1110.8325999712872,
    809.1754527435965,
    211.8203390036386,
    36.06519318544283,
    984.7161271843429,
    898.535019532203,
    1619.6365764479563,
    1338.7154074162938,
    169.12410992122892,
    264.12139403320026,
    19.52073018100383,
    56.410837987985595,
    389.5310269486829,
    420.68541457739093,
    3.0969453229205883,
    1327.2410754192033,
    51.303282068534756,
    839.4894726205134,
    980.7739990033366,
    137.22828559309244,
    527.6203742842183,
    738.6023679561176,
    168.9843795886979,
    1120.210458899989,
    245.86210943894702,
    49.14655205007497,
    57.88890018515031,
    15.351931458377134,
    74.04078261445366,
    1620.2254154376178,
    328.77340324273626,
    30.087424714073055,
    850.3155311102616,
    1418.9949818088353,
    82.25808538718229,
    34.136070000405965,
    867.6178552134442,
    1681.1836651247015,
    71.52119134556214,
    180.41329391477484,
    668.3403284595674,
    72.69861807005495,
    577.9214705979558,
    167.9713750442704,
    429.0989370758449,
    271.9649997667504,
    31.731678161677515,
    40.699140057233784,
    404.06737069373327,
    834.7834419757856,
    485.5863513101015,
    604.0830669556942,
    526.3630819092308,
    211.4587251722744,
    521.0275356617698,
    68.61866505517087,
    18.890125031976503,
    951.8007176413353,
    373.25253120726956,
    49.58669275875729,
    580.9731124107996,
    856.6875942775821,
    1104.9453680057632,
    133.86751906963283,
    618.8787499532117,
    133.04232756452748,
    100.04165124618437,
    917.9804724108822,
    420.9722286551362,
    2.1533686971110675,
    299.8382245643042,
    61.67887476827575,
    123.51875307720049,
    473.20529248398583,
    238.23337051749607,
    1779.2389103480245,
    4.175915026694533,
    179.6893541560011,
    1288.3896003959967,
    379.0429126412508,
    204.30863636994968,
    151.25664956807992,
    628.709748624069,
    520.5814403661944,
    312.2033675822207,
    63.86865438608075,
    0.21264622365088218,
    605.9770448430321,
    2.06501057607654,
    56.795922845487894,
    130.99423721974404,
    33.64673304935195,
    37.46351456891698,
    294.0941811294671,
    23.56334098854492,
    34.29610096002389,
    106.10082757287695,
    1.4799693340340219,
    128.63898747542086,
    115.10386452850084,
    46.90610523649581,
    248.64546443668797,
    14.472259279891345,
    6.6737700395232515,
    396.2836158994233,
    662.5399526710152,
    335.4423214775039,
    278.195284080388,
    675.9310908675334,
    16.041204640710355,
    709.3031465813368,
    425.89006797778626,
    22.719697118397267,
    1550.5198284974197,
    141.77404906167914,
    105.63657131512282,
    30.560270061824493,
    1022.7190582938779,
    416.9956844113068,
    377.7021537635845,
    364.6651697450649,
    723.6020793064661,
    42.99838907153887,
    170.61798062752024,
    235.12476049754915,
    18.56409156278302,
    340.53472361048694,
    56.22183484970554,
    195.0217244761377,
    564.6853287014349,
    322.7588819784382,
    15.958702777599381,
    453.00288522461943,
    1130.9640974292554,
    427.28204118716576,
    562.1216028377182,
    239.2334298820815,
    1.039811449795095,
    425.2027895531524,
    849.0376588810727,
    37.30134392475967,
    1566.9576232357167,
    2.1796937498037314,
    19.577553710317456,
    282.65458841953426,
    1380.313556520495,
    461.8517454166102,
    1107.0722395606872,
    308.8414597209734,
    1100.39181865871,
    88.14318410263344,
    492.0804049116001,
    287.52135790251407,
    189.91462865300554,
    483.18896212766407,
    114.91571067018769,
    30.5406110622037,
    863.3888753922281,
    266.7357311404478,
    24.50187306933981,
    453.06396366247185,
    420.7524802772768,
    1450.502067170268,
    54.43231752900284,
    434.6453275351037,
    638.8542444012355,
    260.37967604485647,
    331.1883058955559,
    568.5279047628919,
    292.96811400998354,
    52.16586379736861,
    52.45145534450776,
    64.8526992761624,
    18.64095308182153,
    47.201906605004275,
    703.3833964365824,
    762.0682725175976,
    669.4555447771309,
    3.1327850560184087,
    192.0215740504037,
    6.640881191060397,
    0.2326005032930488,
    3.5197446127642302,
    997.9440283581749,
    516.3464792911068,
    30.648943771675942,
    294.3726013286084,
    244.43639845376185,
    30.701767315553017,
    144.81360283212763,
    307.75256749056916,
    136.77989061249303,
    329.0974743119623,
    409.06941327311574,
    131.52400323898328,
    12.20728873538635,
    442.5526861091689,
    21.16103382898556,
    703.7341549740893,
    32.61005623558365,
    67.19151025700113,
    20.610792884812202,
    275.4827348597741,
    582.765167924918,
    142.06709409673655,
    3.4184257940268212,
    322.86644778929394,
    322.684548297928,
    241.22326858564472,
    22.012903939191425,
    283.6984620630707,
    30.06372851683034,
    222.54087579448026,
    1109.6616099200794,
    734.9225008963783,
    945.0827857321419,
    766.3823061276988,
    845.5990017536633,
    502.0930536738711,
    74.95537794801334,
    157.95308475732597,
    1.9427069211457997,
    20.54288576933483,
    548.3246252895593,
    164.90876328928027,
    683.379766551504,
    38.76045508855055,
    1318.0953356003208,
    253.61070438699832,
    255.9253435167137,
    13.601850296625457,
    661.3793205534338,
    53.92905390789764,
    935.4610416249991,
    33.115045903015115,
    16.34151586150253,
    39.258165850995894,
    18.407452863692676,
    509.89310784356377,
    290.9724309541848,
    464.6525132813073,
    216.26719597155716,
    116.89136444715,
    164.95942755426987,
    1139.6495568829769,
    10.963169974999191,
    283.19712794288745,
    525.1775789041513,
    0.16776472523475333,
    169.9794556050058,
    1137.1621899239426,
    325.1943118622488,
    717.2558170728718,
    34.523426198620236,
    134.17875923695786,
    824.6307290705353,
    3.5514286651907656,
    83.04626493916993,
    58.459409948246204,
    284.1833753472103,
    79.37973720663132,
    254.594633426428,
    922.0998099348584,
    497.8165171290486,
    94.09469114595781,
    9.421501837566675,
    375.7023153953289,
    5.660016367510958,
    1218.797612222303,
    1492.3793131060984,
    1060.2419355759898,
    369.6089261328138,
    25.014988849345485,
    327.1596965890595,
    76.66221775412083,
    17.558880957502584,
    974.9320139895797,
    172.21387323411835,
    12.529024051270522,
    38.59897313492069,
    28.0233142097591,
    174.45212498474652,
    1384.2755378373,
    468.5001714171929,
    45.93586663303186,
    1783.9250909454574,
    537.0101421454049,
    156.3494801794246,
    12.070525959693093,
    608.1078445444517,
    24.911575983268346,
    578.9318724136468,
    0.25968470316235925,
    1045.9053522703218,
    189.75330619348483,
    35.09601547527645,
    1664.3330717015335,
    456.45045946803197,
    146.67714373584448,
    300.7248732441356,
    12.596482267038521,
    52.4328958964932,
    11.940235958176464,
    22.211567485365695,
    36.18511643815436,
    102.14641617507493,
    20.255556794076025,
    1465.430430286796,
    7.51352404810876,
    194.09014387057894,
    1090.8115846361766,
    251.37999909125426,
    959.1345237974668,
    227.5384640016072,
    359.4625481378142,
    782.5869979392756,
    104.11799768871415,
    52.949427863802846,
    15.508290516992679,
    1101.454015522446,
    249.92588988284376,
    55.36340183143819,
    336.1725174466486,
    57.129202049603684,
    109.86408263106222,
    149.36143586821333,
    877.7003620058829,
    51.24156458242173,
    1069.5141945899404,
    35.44756081544757,
    4.463640197046019,
    2.144107704725829,
    590.535367242068,
    183.4859320496896,
    58.83751768014238,
    9.729418049866796,
    474.33431961367233,
    156.94464302191128,
    548.413022279504,
    465.46295286950436,
    56.22183484970554,
    280.63457318881757,
    257.56522311015357,
    1658.5988087606881,
    10.232710596190477,
    22.88494252495333,
    13.440786803996655,
    82.2613972319347,
    129.83471148666925,
    1142.1087508017235,
    587.7920660324598,
    267.10791592838194,
    160.63007399334734,
    721.0446419518385,
    122.72225377748397,
    27.585516279253945,
    9.962735835755877,
    336.6505324474137,
    323.4956490891684,
    694.0679195467038,
    1791.4065242127494,
    35.21610664858901,
    57.07866228267036,
    13.143258315295814,
    1064.965990394624,
    283.0707892997247,
    44.3907447265799,
    127.12424226572581,
    1725.7332004495704,
    826.4275666424381,
    86.76491636769795,
    89.13601563629605,
    476.0084457178034,
    0.3314110494649356,
    1422.0895272605871,
    82.24763225617922,
    84.1062484830447,
    20.648933292047353,
    614.7422751074085,
    451.51687060534516,
    213.21272452353006,
    38.378375068977284,
    102.60680406212829,
    51.19000929625934,
    60.12405476833555,
    8.189466860131853,
    576.4446874543148,
    298.0123251846678,
    67.80500178050524,
    544.9766282304612,
    44.403160920148714,
    1.3645715062828838,
    775.0219776797558,
    76.63170617689097,
    1000.8524721833078,
    589.2417053681894,
    456.32085987346414,
    64.55592773389962,
    192.5358240303666,
    77.58710320286197,
    97.95327545293222,
    0.8653036389948922,
    108.16481510282829,
    404.6008849246014,
    37.57771030284631,
    9.300200161665817,
    367.49155862870293,
    27.958725033300034,
    417.2512033196989,
    266.10649146000645,
    1.3108226679958281,
    589.8612225418117,
    258.1644720845219,
    20.01214334524037,
    706.2039898509604,
    288.1839824546286,
    723.0645428484389,
    147.0975112320634,
    0.49525934309998737,
    533.44203670383,
    1353.7681616964846,
    1375.307238037093,
    145.6765794511059,
    112.32433496564474,
    75.7649888392641,
    1483.3535800912557,
    352.25442528955386,
    1.2306498388215024,
    110.36805201708013,
    86.71225501713968,
    586.5674551994239,
    1252.7108882867897,
    12.935223176441617,
    341.03149867751586,
    151.55631501872585,
    838.6748135480432,
    279.7641632601257,
    912.0987098638351,
    64.25126583560814,
    437.2875189605617,
    380.1774562923878,
    0.8169580219997773,
    1468.4961555541688,
    432.64834509638195,
    435.0387356976603,
    436.0353939220567,
    603.0057431080744,
    1542.2846961449156,
    24.236087415410292,
    23.330988507402676,
    278.619929622738,
    489.07627603337795,
    547.7002696819483,
    84.9147513861139,
    82.22331059948527,
    591.0911114661426,
    51.464865675024136,
    43.2040299274059,
    1049.496196085483,
    101.21213665792337,
    70.5296652979782,
    149.5826229821756,
    643.3587326640761,
    73.33115291369685,
    449.16285663008296,
    190.79057476327182,
    74.43268344628416,
    301.7186714217539,
    616.5730428444192,
    714.6164105138628,
    22.99459614473286,
    104.51861641996884,
    136.74409695083605,
    638.5872487017843,
    1422.9316347750441,
    30.216650647459797,
    1199.5202006628692,
    53.09499565102178,
    403.4120603909634,
    792.4914550426754,
    0.7910640160188832,
    1269.4363495727769,
    170.7795175010953,
    800.6931440563599,
    20.886113993506516,
    29.262927819709674,
    299.51464406306854,
    38.010997498902064,
    269.3878175024155,
    1393.1048680362987,
    6.549974754714246,
    287.9510613463935,
    1398.0272507112181,
    34.97847325093832,
    46.73706629084891,
    286.94419230304425,
    225.1113947512206,
    1287.1443114687497,
    24.56433621502765,
    225.03972292421346,
    51.09420990945851,
    654.0539924156989,
    45.42503003899285,
    305.08919186917245,
    12.394604246413914,
    16.38439102591855,
    928.1982038680939,
    79.4067792186333,
    120.19693745983997,
    260.21029610471146,
    837.4026796212902,
    1221.4056866601452,
    264.3920269737811,
    210.5171314339717,
    29.38555472794018,
    1033.0380326494244,
    447.11260374167557,
    1951.1776665211373,
    825.19145062189,
    1094.2645164560863,
    1515.7119353632465,
    816.1675372907797,
    60.49185710421476,
    232.43688116854628,
    44.01277799289526,
    52.06217304266572,
    1316.3820273941744,
    6.764049247145813,
    46.35546157905869,
    375.2553564676785,
    355.5375644122557,
    212.20313249419078,
    1247.394244951413,
    342.3621918031099,
    1660.829811448502,
    402.48269566539466,
    8.179758624708608,
    87.85767776107879,
    457.50148627478035,
    78.16056375702065,
    81.6565810775825,
    315.3666655301065,
    32.40553410478413,
    10.979012239964058,
    58.43682467720425,
    23.95026054058153,
    250.70248580738036,
    2.868600877588972,
    494.80288834545553,
    595.0870055078416,
    16.594055411470297,
    1053.674702138276,
    1101.4868700931145,
    520.5682494594989,
    215.27718207344896,
    41.676669389661036,
    21.072431369827605,
    1034.8386693043751,
    18.866019063184154,
    38.81337588292491,
    599.7391032316787,
    928.4573442313161,
    15.713008976091333,
    1429.5336663456699,
    1120.210458899989,
    22.17455845239846,
    517.9014821044232,
    1522.9695556759823,
    30.478686898656896,
    719.9824122280827,
    1684.911739350893,
    161.7935180908071,
    545.79082212413,
    994.4507387270579,
    146.7539915919285,
    14.815856543102452,
    506.87751600627007,
    454.2731602147719,
    931.355615397525,
    550.2228659699317,
    6.776366302586302,
    59.6432534007659,
    1064.3422498358582,
    911.8319033680552,
    1118.4303963430973,
    61.65019946205111,
    391.8226165264781,
    685.2101828069617,
    662.5197877565724,
    618.0492574332616,
    77.36170660627367,
    237.53738866075045,
    375.2299309775519,
    34.42176819468179,
    287.6456129867475,
    55.422249084701185,
    1900.7026923430083,
    56.07258728361915,
    641.8249726049465,
    992.5668588597407,
    53.77846859534984,
    1418.7369908891333,
    42.72631159495133,
    259.5442051469936,
    331.89723808798146,
    318.9113840840148,
    127.67918078916996,
    558.4700915331895,
    92.97737242014934,
    1228.8735152675981,
    190.387040605176,
    484.6089099629242,
    26.729493921216783,
    737.8254223741067,
    29.74649145049555,
    21.15255171029951,
    324.9738067560625,
    44.29464952213087,
    580.8515933266802,
    1378.9746769811827,
    1094.3131958133638,
    168.05187070394885,
    56.22183484970554,
    6.43150873289987,
    427.28204118716576,
    378.5255084640789,
    649.9932364770651,
    160.69338581965215,
    4.327187322398172,
    102.78815134924078,
    571.6358045213121,
    509.0176926830791,
    740.8282410713632,
    80.34380340594473,
    455.35011852011024,
    125.72796051570548,
    16.150239734488956,
    931.083651354332,
    398.15159123126864,
    467.4965595474431,
    231.36886268952603,
    2.5626824031981634,
    265.0987336810833,
    0.8701172741757943,
    980.9536620511332,
    352.1587861227856,
    21.456007360521426,
    110.04366692899707,
    257.816764427853,
    21.938722239672078,
    977.6086485568175,
    134.99927689091666,
    401.52982037592295,
    968.1429697517465,
    5.542999706012946,
    540.7905825690664,
    372.54496562720834,
    1261.1547430486944,
    185.29518641148348,
    330.7641215359434,
    50.111284517358456,
    0.6305683813266963,
    20.92214888042898,
    137.69303618409361,
    398.69277860917055,
    352.7341820095385,
    1001.3760751198452,
    166.41968918702773,
    52.32640962583766,
    102.7842218580035,
    1654.7446430612108,
    384.24555287414427,
    250.20498568599942,
    390.1623593863369,
    718.6435956524723,
    91.32243188762557,
    13.433053953060819,
    274.61466148880004,
    91.03458650319861,
    1217.6263248564405,
    354.3630601853701,
    0.2177507383650077
]